    27    81
        0.5209950000       -0.0450116000       -0.0058112500
       -0.1585460000       -0.0582667000       -0.0074608300
       -0.0504875000       -0.0082405800        0.0088847400
       -0.0498280000       -0.0061526200       -0.0107347000
       -0.2176640000        0.1298700000        0.0132289000
       -0.0432199000       -0.0048877000        0.0016166600
       -0.0012306100       -0.0039826800        0.0005846860
       -0.0013969300       -0.0026321000       -0.0005621180
        0.0013774200       -0.0006959190        0.0002539280
       -0.0450116000        0.5675110000        0.0045178500
       -0.0681929000       -0.1310260000       -0.0026610400
       -0.0077419700       -0.1618270000        0.1296080000
       -0.0043581100       -0.1182280000       -0.1172930000
        0.1284800000       -0.1514250000       -0.0109569000
        0.0315204000        0.0103501000        0.0003550500
       -0.0156955000       -0.0077500900        0.0007951770
       -0.0199171000       -0.0107105000       -0.0029122700
        0.0009166330        0.0031054600       -0.0014527200
       -0.0058112500        0.0045178500        0.5892030000
       -0.0064517000       -0.0039974200       -0.0891084000
        0.0099162400        0.1290880000       -0.2022090000
       -0.0098565700       -0.1166720000       -0.2552280000
        0.0131272000       -0.0111766000       -0.0504233000
        0.0045504700        0.0028875700        0.0047880000
       -0.0264839000       -0.0171986000       -0.0004606330
        0.0231734000        0.0140105000        0.0029443000
       -0.0021639500       -0.0014592900        0.0004939410
       -0.1585460000       -0.0681929000       -0.0064517000
        0.4749500000        0.0018779100        0.0005355640
       -0.0018653500        0.0013284700       -0.0011218600
       -0.0017987400        0.0005605290        0.0008513110
       -0.0162860000       -0.0128903000       -0.0014096700
       -0.1879490000        0.1003760000        0.0083946300
       -0.0527900000       -0.0121131000       -0.0176015000
       -0.0501367000       -0.0105715000        0.0100654000
       -0.0055786500       -0.0003754410        0.0067378100
       -0.0582667000       -0.1310260000       -0.0039974200
        0.0018779100        0.5779280000       -0.0338804000
       -0.0213082000       -0.0142050000       -0.0020056800
       -0.0169163000       -0.0113787000       -0.0006073620
        0.0231058000        0.0133526000        0.0013782100
        0.0687372000       -0.1393020000        0.0136811000
       -0.0109879000       -0.1135410000       -0.1005250000
       -0.0163732000       -0.1609720000        0.1329410000
        0.0301313000       -0.0208555000       -0.0069838100
       -0.0074608300       -0.0026610400       -0.0891084000
        0.0005355640       -0.0338804000        0.6354020000
        0.0249318000        0.0153965000        0.0023677700
       -0.0279910000       -0.0179854000       -0.0003830560
        0.0023115700        0.0013539500       -0.0019884900
        0.0407369000       -0.0131861000       -0.0946586000
       -0.0199946000       -0.0982641000       -0.2403270000
        0.0172360000        0.1254210000       -0.2131380000
       -0.0303054000        0.0238055000        0.0018335100
       -0.0504875000       -0.0077419700        0.0099162400
       -0.0018653500       -0.0213082000        0.0249318000
        0.0526573000        0.0119210000       -0.0104361000
       -0.0009609310        0.0011934000       -0.0009444770
        0.0023858300        0.0167657000       -0.0216302000
        0.0034232200        0.0003481910       -0.0004459450
        0.0011161400        0.0012254200       -0.0003050030
       -0.0051430700       -0.0031632200       -0.0005467260
       -0.0011256800        0.0007596290       -0.0005395780
       -0.0082405800       -0.1618270000        0.1290880000
        0.0013284700       -0.0142050000        0.0153965000
        0.0119210000        0.1741630000       -0.1436010000
        0.0008462390        0.0125682000       -0.0131424000
       -0.0022674100       -0.0126767000        0.0150549000
        0.0005236100        0.0021693600       -0.0018011100
        0.0004693600        0.0002269490       -0.0003392940
       -0.0036614900       -0.0008650860       -0.0009941350
       -0.0009191950        0.0004457770        0.0003389490
        0.0088847400        0.1296080000       -0.2022090000
       -0.0011218600       -0.0020056800        0.0023677700
       -0.0104361000       -0.1436010000        0.2150230000
        0.0008223920        0.0201574000       -0.0199508000
       -0.0004145020       -0.0028370400        0.0020541800
        0.0012281400       -0.0016190100        0.0005240980
        0.0008110470       -0.0000431646        0.0009226060
       -0.0008219330       -0.0002915340        0.0015503800
        0.0010480700        0.0006322340       -0.0002816930
       -0.0498280000       -0.0043581100       -0.0098565700
       -0.0017987400       -0.0169163000       -0.0279910000
       -0.0009609310        0.0008462390        0.0008223920
        0.0509696000        0.0093667700        0.0116234000
        0.0025981900        0.0120169000        0.0241950000
        0.0033750700        0.0015584600        0.0012444300
       -0.0053101000       -0.0032924600       -0.0001793450
        0.0011489500        0.0008518680        0.0004212440
       -0.0001940290       -0.0000733278       -0.0002795670
       -0.0061526200       -0.1182280000       -0.1166720000
        0.0005605290       -0.0113787000       -0.0179854000
        0.0011934000        0.0125682000        0.0201574000
        0.0093667700        0.1257650000        0.1289510000
       -0.0026137700       -0.0095398200       -0.0166652000
        0.0009862570        0.0019349900        0.0018742200
       -0.0038646100       -0.0011098700        0.0002285480
        0.0006611600        0.0000718335       -0.0000166838
       -0.0001371130       -0.0000831862        0.0001278170
       -0.0107347000       -0.1172930000       -0.2552280000
        0.0008513110       -0.0006073620       -0.0003830560
       -0.0009444770       -0.0131424000       -0.0199508000
        0.0116234000        0.1289510000        0.2726990000
        0.0000806758        0.0010252100        0.0000537325
       -0.0005551000        0.0015337200        0.0006631060
        0.0001378100       -0.0001746020        0.0016561500
       -0.0004827230        0.0000198427        0.0008992680
        0.0000237457       -0.0003123750       -0.0004094060
       -0.2176640000        0.1284800000        0.0131272000
       -0.0162860000        0.0231058000        0.0023115700
        0.0023858300       -0.0022674100       -0.0004145020
        0.0025981900       -0.0026137700        0.0000806758
        0.2353890000       -0.1418810000       -0.0151901000
       -0.0086631600       -0.0033218700       -0.0003208920
        0.0008453640       -0.0005624660       -0.0008995730
        0.0007603170       -0.0002347130        0.0007537650
        0.0006345800       -0.0007045470        0.0005519090
        0.1298700000       -0.1514250000       -0.0111766000
       -0.0128903000        0.0133526000        0.0013539500
        0.0167657000       -0.0126767000       -0.0028370400
        0.0120169000       -0.0095398200        0.0010252100
       -0.1418810000        0.1599350000        0.0115482000
       -0.0052133500        0.0000306324        0.0002229580
        0.0010288400        0.0003008610       -0.0003344040
        0.0008608600        0.0004959380        0.0003463530
       -0.0005572510       -0.0004741450       -0.0001486010
        0.0132289000       -0.0109569000       -0.0504233000
       -0.0014096700        0.0013782100       -0.0019884900
       -0.0216302000        0.0150549000        0.0020541800
        0.0241950000       -0.0166652000        0.0000537325
       -0.0151901000        0.0115482000        0.0488169000
       -0.0000640710       -0.0002196970        0.0016186800
        0.0001795620        0.0000077403       -0.0001755310
        0.0000473380       -0.0000442267       -0.0000140467
        0.0006433220       -0.0001031010        0.0000579234
       -0.0432199000        0.0315204000        0.0045504700
       -0.1879490000        0.0687372000        0.0407369000
        0.0034232200        0.0005236100        0.0012281400
        0.0033750700        0.0009862570       -0.0005551000
       -0.0086631600       -0.0052133500       -0.0000640710
        0.2822250000       -0.1428140000       -0.0502209000
       -0.0095861500        0.0135807000        0.0070820000
       -0.0061215000        0.0077480900       -0.0018585400
       -0.0334837000        0.0249310000       -0.0008989890
       -0.0048877000        0.0103501000        0.0028875700
        0.1003760000       -0.1393020000       -0.0131861000
        0.0003481910        0.0021693600       -0.0016190100
        0.0015584600        0.0019349900        0.0015337200
       -0.0033218700        0.0000306324       -0.0002196970
       -0.1428140000        0.3851740000       -0.2457350000
        0.0260373000       -0.0161673000       -0.0050668100
        0.0283811000       -0.0195667000       -0.0024937800
       -0.0056779600       -0.2246230000        0.2638990000
        0.0016166600        0.0003550500        0.0047880000
        0.0083946300        0.0136811000       -0.0946586000
       -0.0004459450       -0.0018011100        0.0005240980
        0.0012444300        0.0018742200        0.0006631060
       -0.0003208920        0.0002229580        0.0016186800
       -0.0502209000       -0.2457350000        0.3859870000
        0.0290329000       -0.0189182000        0.0043892700
       -0.0247569000        0.0173414000        0.0066076100
        0.0354560000        0.2329800000       -0.3099190000
       -0.0012306100       -0.0156955000       -0.0264839000
       -0.0527900000       -0.0109879000       -0.0199946000
        0.0011161400        0.0004693600        0.0008110470
       -0.0053101000       -0.0038646100        0.0001378100
        0.0008453640        0.0010288400        0.0001795620
       -0.0095861500        0.0260373000        0.0290329000
        0.0643969000        0.0044103500        0.0135074000
        0.0017012500        0.0002365930        0.0021788100
        0.0008572160       -0.0016344200        0.0006309450
       -0.0039826800       -0.0077500900       -0.0171986000
       -0.0121131000       -0.1135410000       -0.0982641000
        0.0012254200        0.0002269490       -0.0000431646
       -0.0032924600       -0.0011098700       -0.0001746020
       -0.0005624660        0.0003008610        0.0000077403
        0.0135807000       -0.0161673000       -0.0189182000
        0.0044103500        0.1251050000        0.1176310000
        0.0011124400        0.0126399000        0.0183379000
       -0.0003781800        0.0002960750       -0.0013782300
        0.0005846860        0.0007951770       -0.0004606330
       -0.0176015000       -0.1005250000       -0.2403270000
       -0.0003050030       -0.0003392940        0.0009226060
       -0.0001793450        0.0002285480        0.0016561500
       -0.0008995730       -0.0003344040       -0.0001755310
        0.0070820000       -0.0050668100        0.0043892700
        0.0135074000        0.1176310000        0.2540600000
       -0.0029299600       -0.0126999000       -0.0212095000
        0.0007412780        0.0003106670        0.0011441800
       -0.0013969300       -0.0199171000        0.0231734000
       -0.0501367000       -0.0163732000        0.0172360000
       -0.0051430700       -0.0036614900       -0.0008219330
        0.0011489500        0.0006611600       -0.0004827230
        0.0007603170        0.0008608600        0.0000473380
       -0.0061215000        0.0283811000       -0.0247569000
        0.0017012500        0.0011124400       -0.0029299600
        0.0639305000        0.0041434500       -0.0114057000
       -0.0047427800        0.0047928100       -0.0000595810
       -0.0026321000       -0.0107105000        0.0140105000
       -0.0105715000       -0.1609720000        0.1254210000
       -0.0031632200       -0.0008650860       -0.0002915340
        0.0008518680        0.0000718335        0.0000198427
       -0.0002347130        0.0004959380       -0.0000442267
        0.0077480900       -0.0195667000        0.0173414000
        0.0002365930        0.0126399000       -0.0126999000
        0.0041434500        0.1810880000       -0.1430530000
        0.0036215300       -0.0021818800       -0.0007043720
       -0.0005621180       -0.0029122700        0.0029443000
        0.0100654000        0.1329410000       -0.2131380000
       -0.0005467260       -0.0009941350        0.0015503800
        0.0004212440       -0.0000166838        0.0008992680
        0.0007537650        0.0003463530       -0.0000140467
       -0.0018585400       -0.0024937800        0.0066076100
        0.0021788100        0.0183379000       -0.0212095000
       -0.0114057000       -0.1430530000        0.2202550000
        0.0009537800       -0.0021550900        0.0021046700
        0.0013774200        0.0009166330       -0.0021639500
       -0.0055786500        0.0301313000       -0.0303054000
       -0.0011256800       -0.0009191950        0.0010480700
       -0.0001940290       -0.0001371130        0.0000237457
        0.0006345800       -0.0005572510        0.0006433220
       -0.0334837000       -0.0056779600        0.0354560000
        0.0008572160       -0.0003781800        0.0007412780
       -0.0047427800        0.0036215300        0.0009537800
        0.0422556000       -0.0269998000       -0.0063968700
       -0.0006959190        0.0031054600       -0.0014592900
       -0.0003754410       -0.0208555000        0.0238055000
        0.0007596290        0.0004457770        0.0006322340
       -0.0000733278       -0.0000831862       -0.0003123750
       -0.0007045470       -0.0004741450       -0.0001031010
        0.0249310000       -0.2246230000        0.2329800000
       -0.0016344200        0.0002960750        0.0003106670
        0.0047928100       -0.0021818800       -0.0021550900
       -0.0269998000        0.2443710000       -0.2536980000
        0.0002539280       -0.0014527200        0.0004939410
        0.0067378100       -0.0069838100        0.0018335100
       -0.0005395780        0.0003389490       -0.0002816930
       -0.0002795670        0.0001278170       -0.0004094060
        0.0005519090       -0.0001486010        0.0000579234
       -0.0008989890        0.2638990000       -0.3099190000
        0.0006309450       -0.0013782300        0.0011441800
       -0.0000595810       -0.0007043720        0.0021046700
       -0.0063968700       -0.2536980000        0.3049760000